00000000 000 1 00000000
00001000 011 0 00000000
00010000 100 0 00000000
00011000 011 0 00000000
00000100 010 0 00000000
00001100 010 0 00000000
00010100 010 0 00000000
00011100 010 0 00000000
00100000 101 0 00000000
00101000 011 0 00000000
00110000 100 0 00000000
00111000 011 0 00000000
00100100 010 0 00000000
00101100 010 0 00000000
00110100 010 0 00000000
00111100 010 0 00000000
00000010 001 0 000000
00001010 001 0 000100
00010010 001 0 001000
00011010 001 0 001100
00000110 001 0 000000
00001110 001 0 000100
00010110 001 0 001000
00011110 001 0 001100
00100010 001 0 010000
00101010 001 0 010100
00110010 001 0 011000
00111010 001 0 011100
00100110 001 0 010000
00101110 001 0 010100
00110110 001 0 011000
00111110 001 0 011100
01000000 110 0 011100
01001000 011 0 011100
01010000 100 0 011100
01011000 011 0 011100
01000100 010 0 011100
01001100 010 0 011100
01010100 010 0 011100
01011100 010 0 011100
01100000 101 0 011100
01101000 011 0 011100
01110000 100 0 011100
01111000 011 0 011100
01100100 010 0 011100
01101100 010 0 011100
01110100 010 0 011100
01111100 010 0 011100
01000010 001 0 100000
01001010 001 0 100100
01010010 001 0 101000
01011010 001 0 101100
01000110 001 0 100000
01001110 001 0 100100
01010110 001 0 101000
01011110 001 0 101100
01100010 001 0 110000
01101010 001 0 110100
01110010 001 0 111000
01111010 001 0 111100
01100110 001 0 110000
01101110 001 0 110100
01110110 001 0 111000
01111110 001 0 111100
00000001 000 0 0000000
00001001 000 0 0000100
00010001 000 0 0001000
00011001 000 0 0001100
00000101 000 0 0000010
00001101 000 0 0000110
00010101 000 0 0001010
00011101 000 0 0001110
00100001 000 0 0010000
00101001 000 0 0010100
00110001 000 0 0011000
00111001 000 0 0011100
00100101 000 0 0010010
00101101 000 0 0010110
00110101 000 0 0011010
00111101 000 0 0011110
00000011 000 0 0000000
00001011 000 0 0000100
00010011 000 0 0001000
00011011 000 0 0001100
00000111 000 0 0000010
00001111 000 0 0000110
00010111 000 0 0001010
00011111 000 0 0001110
00100011 000 0 0010000
00101011 000 0 0010100
00110011 000 0 0011000
00111011 000 0 0011100
00100111 000 0 0010010
00101111 000 0 0010110
00110111 000 0 0011010
00111111 000 0 0011110
01000001 000 0 0100000
01001001 000 0 0100100
01010001 000 0 0101000
01011001 000 0 0101100
01000101 000 0 0100010
01001101 000 0 0100110
01010101 000 0 0101010
01011101 000 0 0101110
01100001 000 0 0110000
01101001 000 0 0110100
01110001 000 0 0111000
01111001 000 0 0111100
01100101 000 0 0110010
01101101 000 0 0110110
01110101 000 0 0111010
01111101 000 0 0111110
01000011 000 0 0100000
01001011 000 0 0100100
01010011 000 0 0101000
01011011 000 0 0101100
01000111 000 0 0100010
01001111 000 0 0100110
01010111 000 0 0101010
01011111 000 0 0101110
01100011 000 0 0110000
01101011 000 0 0110100
01110011 000 0 0111000
01111011 000 0 0111100
01100111 000 0 0110010
01101111 000 0 0110110
01110111 000 0 0111010
01111111 000 0 0111110
10000000 111 0 0111110
10001000 011 0 0111110
10010000 100 0 0111110
10011000 011 0 0111110
10000100 010 0 0111110
10001100 010 0 0111110
10010100 010 0 0111110
10011100 010 0 0111110
10100000 101 0 0111110
10101000 011 0 0111110
10110000 100 0 0111110
10111000 011 0 0111110
10100100 010 0 0111110
10101100 010 0 0111110
10110100 010 0 0111110
10111100 010 0 0111110
10000010 001 0 000000
10001010 001 0 000100
10010010 001 0 001000
10011010 001 0 001100
10000110 001 0 000000
10001110 001 0 000100
10010110 001 0 001000
10011110 001 0 001100
10100010 001 0 010000
10101010 001 0 010100
10110010 001 0 011000
10111010 001 0 011100
10100110 001 0 010000
10101110 001 0 010100
10110110 001 0 011000
10111110 001 0 011100
11000000 110 0 011100
11001000 011 0 011100
11010000 100 0 011100
11011000 011 0 011100
11000100 010 0 011100
11001100 010 0 011100
11010100 010 0 011100
11011100 010 0 011100
11100000 101 0 011100
11101000 011 0 011100
11110000 100 0 011100
11111000 011 0 011100
11100100 010 0 011100
11101100 010 0 011100
11110100 010 0 011100
11111100 010 0 011100
11000010 001 0 100000
11001010 001 0 100100
11010010 001 0 101000
11011010 001 0 101100
11000110 001 0 100000
11001110 001 0 100100
11010110 001 0 101000
11011110 001 0 101100
11100010 001 0 110000
11101010 001 0 110100
11110010 001 0 111000
11111010 001 0 111100
11100110 001 0 110000
11101110 001 0 110100
11110110 001 0 111000
11111110 001 0 111100
10000001 000 0 1000000
10001001 000 0 1000100
10010001 000 0 1001000
10011001 000 0 1001100
10000101 000 0 1000010
10001101 000 0 1000110
10010101 000 0 1001010
10011101 000 0 1001110
10100001 000 0 1010000
10101001 000 0 1010100
10110001 000 0 1011000
10111001 000 0 1011100
10100101 000 0 1010010
10101101 000 0 1010110
10110101 000 0 1011010
10111101 000 0 1011110
10000011 000 0 1000000
10001011 000 0 1000100
10010011 000 0 1001000
10011011 000 0 1001100
10000111 000 0 1000010
10001111 000 0 1000110
10010111 000 0 1001010
10011111 000 0 1001110
10100011 000 0 1010000
10101011 000 0 1010100
10110011 000 0 1011000
10111011 000 0 1011100
10100111 000 0 1010010
10101111 000 0 1010110
10110111 000 0 1011010
10111111 000 0 1011110
11000001 000 0 1100000
11001001 000 0 1100100
11010001 000 0 1101000
11011001 000 0 1101100
11000101 000 0 1100010
11001101 000 0 1100110
11010101 000 0 1101010
11011101 000 0 1101110
11100001 000 0 1110000
11101001 000 0 1110100
11110001 000 0 1111000
11111001 000 0 1111100
11100101 000 0 1110010
11101101 000 0 1110110
11110101 000 0 1111010
11111101 000 0 1111110
11000011 000 0 1100000
11001011 000 0 1100100
11010011 000 0 1101000
11011011 000 0 1101100
11000111 000 0 1100010
11001111 000 0 1100110
11010111 000 0 1101010
11011111 000 0 1101110
11100011 000 0 1110000
11101011 000 0 1110100
11110011 000 0 1111000
11111011 000 0 1111100
11100111 000 0 1110010
11101111 000 0 1110110
11110111 000 0 1111010
11111111 000 0 1111110
